Drilling record

[2025-3-28 9:52:9] DrillCalibration
Weights have been reset: 0

[2025-3-28 9:55:6] Action DrillSample
0,0,0;0,0,1;0,0,2;0,0,4;0,0,8;0,0,10;0,0,12;0,0,16;0,0,18;0,0,20;0,0,22;0,0,24;0,0,28;0,0,30;0,0,32;0.12,0,34;0.6,0,38;0.78,0.45,40;0.87,0.9,42;0.93,1.23,44;0.96,1.59,48;0.99,1.89,50;0.99,2.04,52;0.93,2.04,54;0.96,2.01,58;0.93,2.01,60;0.9,1.98,62;0.93,1.98,64;1.14,1.77,68;1.17,1.86,70;1.2,1.92,72;1.23,1.95,74;1.29,1.92,78;1.29,1.92,80;1.41,1.86,82;1.5,1.86,84;1.56,1.86,88;1.65,1.86,90;1.74,1.86,92;1.77,1.92,94;1.71,1.95,98;1.56,2.07,100;1.77,1.86,102;1.47,2.19,106;1.38,2.1,108;1.38,2.01,110;1.02,2.28,112;0.87,2.19,116;0.9,2.04,118;1.08,1.8,120;0.9,2.04,122;1.02,1.92,126;0.84,2.07,128;1.02,1.89,130;1.11,1.8,132;1.23,1.86,136;1.29,1.86,138;1.2,2.07,140;1.11,2.07,142;1.32,1.8,144;1.2,2.01,148;1.35,1.86,150;1.41,1.86,152;1.05,2.25,154;1.05,2.07,158;1.02,2.01,160;1.32,1.71,162;1.62,1.65,164;1.8,1.71,168;1.71,1.92,170;1.74,1.92,172;1.74,1.92,174;1.53,2.13,178;1.65,1.95,180;1.68,1.95,1;1.59,1.95,1;1.68,1.47,1;1.11,1.65,1;1.29,0.99,1;1.26,0.6,1;0.57,0.87,1;0.54,0.27,1;0,0,1;0,0,1;0,0,1;0,0,1;0,0,1;0,0,1;0,0,1;0,0,1;0,0,1;0,0,1;0,0,1;0,0,1;0,0,1;0,0,1;0,0,1;0,0,1;0,0,1;0,0,1;0,0,1;0,0,1;0,0,1;0,0,1;0,0,1;0,0,1;0,0,1;0,0,1;0,0,1;0,0,1;0,0,1;0,0,1;0,0,1;0,0,1;0,0,1;0,0,1;0,0,1;0,0,1;0,0,1;0,0,1;0,0,1;0,0,1;0,0,1;0,0,1;0,0,1;0,0,1;0,0,1;0,0,1;0,0,1;0,0,1;0,0,1;0,0,1;0,0,1;0,0,1;0,0,1;0,0,1;0,0,1;0,0,1;0,0,1;0,0,1;0,0,1;0,0,1;0,0,1;0,0,1;0,0,1;0,0,1;0,0,1;0,0,1;0,0,1;0,0,1;0,0,1;0,0,1;0,0,1;0,0,1;0,0,1;0,0,1;0,0,1;0,0,1;0,0,1;0,0,1;0,0,1;0,0,1;0,0,1;0,0,1;0,0,1;0,0,1;0,0,1;0,0,1;0,0,1;0,0,1;0,0,1;0,0,1;0,0,1;0,0,1;0,0,1;0,0,1;0,0,1;0,0,1;0,0,1;0,0,1;0,0,1;0,0,1;0,0,1;0,0,1;0,0,1;0,0,1;0,0,1;0,0,1;0,0,1;0,0,1;0,0,1;0,0,1;0,0,1;0,0,1;0,0,1;0,0,1;0,0,1;0,0,1;0,0,1;0,0,1;0,0,1;0,0,1;0,0,1;0,0,1;0,0,1;0,0,1;0,0,1;0,0,1;0,0,1;0,0,1;0,0,1;0,0,1;0,0,1;0,0,1;0,0,1;0,0,1;0,0,1;0,0,1;0,0,1;0,0,1;0,0,1;0,0,1;0,0,1;0,0,1;0,0,1;0,0,1;0,0,1;0,0,1;0,0,1;0,0,1;0,0,1;0,0,1;0,0,1;0,0,1;0,0,1;0,0,1;0,0,1;0,0,1;0,0,1;0,0,1;0,0,1;0,0,1;0,0,1;0,0,1;0,0,1;0,0,1;0,0,1;0,0,1;0,0,1;0,0,1;0,0,1;0,0,1;0,0,1;0,0,1;0,0,1;0,0,1;0,0,1;0,0,1;0,0,1;0,0,1;0,0,1;0,0,1;0,0,1;0,0,1;0,0,1;0,0,1;0,0,1;0,0,1;0,0,1;0,0,1;0,0,1;0,0,1;0,0,1;0,0,180;0.15,0,180;0.24,0,1;0,0,1;0,0,1;0,0,1;0,0,1;0,0,1;0,0,1;0,0,1;0,0,1;0,0,1;
Reached depth: 0

[2025-3-28 10:15:52] Action DrillSample
0,0,0;0,0,0;0,0,0;0,0,4;0,0,6;0,0,8;0,0,10;0,0,14;0,0,16;0,0,18;0,0,20;0,0,24;0,0,26;0,0,28;0,0,30;0,0,34;0.09,0,36;0.48,0,38;0.75,0.33,40;0.87,0.81,44;0.96,1.17,46;0.93,1.53,48;0.96,1.86,50;0.93,2.01,54;0.93,2.04,56;0.9,2.01,58;0.9,2.01,60;0.9,1.98,64;0.87,1.98,66;0.87,1.98,68;0.87,1.95,70;0.87,1.98,72;0.84,1.98,76;0.84,1.98,78;0.84,1.98,80;0.84,1.95,82;0.84,1.98,86;0.87,1.95,88;0.84,1.98,90;0.9,1.95,92;1.2,1.77,96;1.32,1.74,98;1.17,2.04,100;1.59,1.68,102;1.62,1.8,106;1.2,2.25,108;1.26,2.01,110;1.38,1.86,112;1.14,2.13,116;0.87,2.28,118;0.78,2.16,120;0.84,1.98,122;0.87,1.95,126;0.84,1.98,128;
Reached depth: 100

[2025-3-28 10:17:45] DrillCalibration
Weights have been reset: 0

[2025-3-28 10:29:49] DrillCalibration
Weights have been reset: 0

[2025-3-28 10:32:12] DrillCalibration
Weights have been reset: 0

[2025-3-28 10:32:19] DrillCalibration
Weights have been reset: 0

[2025-3-28 10:33:3] DrillCalibration
Weights have been reset: 0

[2025-3-28 10:33:47] Action DrillSample
0,0,0;0,0,1;0,0,2;0,0,4;0,0,6;0,0,10;0,0,12;0,0,14;0,0,16;0,0,20;0,0,22;0,0,24;0,0,26;0,0,30;0,0,32;0.15,0,34;0.63,0,36;0.81,0.45,40;0.84,0.9,42;0.93,1.26,44;0.96,1.62,46;1.02,1.92,50;1.44,1.68,52;1.41,1.86,54;1.77,1.56,56;1.32,2.28,60;2.4,1.2,62;2.64,0,64;
Reached depth: 36

[2025-3-28 10:34:53] DrillCalibration
Weights have been reset: 0

